0,497
0,289
0,282
0,314
0,308
0,306
33,3
33,2
33,1
33,0
0,300
0,292
32,3
32,2
0,291
32,1
32,0
0,280
31,3
31,2
31,1
31,0
0,269
30,3
30,2
30,1
30,0
0,492
29,3
29,2
29,1
29,0
0,488
0,487
0,485
0,482
0,480
0,479
0,473
0,472
0,471
0,470
0,469
0,468
0,467
0,466
0,465
0,464
0,463
0,462
0,461
0,310
23,2
23,0
0,309
0,307
28,3
28,2
0,305
28,1
28,0
0,303
0,301
0,299
0,298
0,295
0,294
0,272
0,271
0,287
27,15
27,14
27,13
27,12
27,11
27,10
27,9
27,8
27,7
27,6
27,5
27,4
27,3
27,2
0,12
0,275
0,276
0,286
27,1
27,0
0,7
14,3
13,3
0,268
0,267
0,266
0,265
0,264
0,263
0,262
0,261
0,260
0,259
0,258
0,257
0,256
0,255
0,254
0,253
0,252
0,251
0,250
0,249
0,248
0,247
0,246
0,245
0,244
0,242
0,241
0,240
0,239
0,238
0,237
0,236
0,235
0,234
0,233
0,232
0,231
0,230
0,229
0,228
0,227
0,226
0,225
0,224
0,223
0,222
0,221
0,220
0,219
0,218
0,217
0,216
0,215
0,214
0,213
0,212
0,211
